4+5
4*5
9/3

a <- 1
b<-2

var<-c(1,2,3,4)
